ADDR    ADDR+00  ADDR+04  ADDR+08  ADDR+0C  
-------------------------------------------
0000    7F454C46 02010100 00000000 00000000 
0010    0100B700 01000000 00000000 00000000 
0020    00000000 00000000 30030000 00000000 
0030    00000000 40000000 00004000 09000800 
0040    FF4300D1 FF0F00B9 0F000014 00000090 
0050    00700291 E10F80B9 017861B8 00000090 
0060    00800291 000040B9 2100000B 00000090 
0070    00800291 010000B9 E00F40B9 00040011 
0080    E00F00B9 E00F40B9 1F240071 0DFEFF54 
0090    1F2003D5 FF430091 C0035FD6 00000000 
00A0    05000000 02000000 09000000 06000000 
00B0    03000000 0A000000 07000000 04000000 
00C0    01000000 08000000 00474343 3A202847 
00D0    4E552054 6F6F6C63 6861696E 20666F72 
00E0    20746865 20412D70 726F6669 6C652041 
00F0    72636869 74656374 75726520 382E332D 
0100    32303139 2E303320 2861726D 2D72656C 
0110    2D382E33 36292920 382E332E 30000000 
0120    00000000 00000000 00000000 00000000 
0130    00000000 00000000 01000000 0400F1FF 
0140    00000000 00000000 00000000 00000000 
0150    00000000 03000100 00000000 00000000 
0160    00000000 00000000 00000000 03000300 
0170    00000000 00000000 00000000 00000000 
0180    00000000 03000400 00000000 00000000 
0190    00000000 00000000 0E000000 00000300 
01A0    00000000 00000000 00000000 00000000 
01B0    0E000000 00000400 00000000 00000000 
01C0    00000000 00000000 11000000 00000100 
01D0    00000000 00000000 00000000 00000000 
01E0    00000000 03000500 00000000 00000000 
01F0    00000000 00000000 14000000 11000300 
0200    00000000 00000000 28000000 00000000 
0210    16000000 11000400 00000000 00000000 
0220    04000000 00000000 1B000000 12000100 
0230    00000000 00000000 5C000000 00000000 
0240    00697375 6D6D6174 696F6E2E 63002464 
0250    00247800 76007375 6D6D006D 61696E00 
0260    0C000000 00000000 13010000 09000000 
0270    00000000 00000000 10000000 00000000 
0280    15010000 09000000 00000000 00000000 
0290    1C000000 00000000 13010000 0A000000 
02A0    00000000 00000000 20000000 00000000 
02B0    15010000 0A000000 00000000 00000000 
02C0    2C000000 00000000 13010000 0A000000 
02D0    00000000 00000000 30000000 00000000 
02E0    15010000 0A000000 00000000 00000000 
02F0    002E7379 6D746162 002E7374 72746162 
0300    002E7368 73747274 6162002E 72656C61 
0310    2E746578 74002E64 61746100 2E627373 
0320    002E636F 6D6D656E 74000000 00000000 
0330    00000000 00000000 00000000 00000000 
0340    00000000 00000000 00000000 00000000 
0350    00000000 00000000 00000000 00000000 
0360    00000000 00000000 00000000 00000000 
0370    20000000 01000000 06000000 00000000 
0380    00000000 00000000 40000000 00000000 
0390    5C000000 00000000 00000000 00000000 
03A0    04000000 00000000 00000000 00000000 
03B0    1B000000 04000000 40000000 00000000 
03C0    00000000 00000000 60020000 00000000 
03D0    90000000 00000000 06000000 01000000 
03E0    08000000 00000000 18000000 00000000 
03F0    26000000 01000000 03000000 00000000 
0400    00000000 00000000 A0000000 00000000 
0410    28000000 00000000 00000000 00000000 
0420    08000000 00000000 00000000 00000000 
0430    2C000000 08000000 03000000 00000000 
0440    00000000 00000000 C8000000 00000000 
0450    04000000 00000000 00000000 00000000 
0460    04000000 00000000 00000000 00000000 
0470    31000000 01000000 30000000 00000000 
0480    00000000 00000000 C8000000 00000000 
0490    56000000 00000000 00000000 00000000 
04A0    01000000 00000000 01000000 00000000 
04B0    01000000 02000000 00000000 00000000 
04C0    00000000 00000000 20010000 00000000 
04D0    20010000 00000000 07000000 09000000 
04E0    08000000 00000000 18000000 00000000 
04F0    09000000 03000000 00000000 00000000 
0500    00000000 00000000 40020000 00000000 
0510    20000000 00000000 00000000 00000000 
0520    01000000 00000000 00000000 00000000 
0530    11000000 03000000 00000000 00000000 
0540    00000000 00000000 F0020000 00000000 
0550    3A000000 00000000 00000000 00000000 
0560    01000000 00000000 00000000 00000000 
