ADDR    ADDR+00  ADDR+04  ADDR+08  ADDR+0C  
----------------------------------------------------------------------------
0000    464C457F 00010102 00000000 00000000 
0010    00B70001 00000001 00000000 00000000 
0020    00000000 00000000 00000330 00000000 
0030    00000000 00000040 00400000 00080009 
0040    D10043FF B9000FFF 1400000F 90000000 
0050    91027000 B9800FE1 B8617801 90000000 
0060    91028000 B9400000 0B000021 90000000 
0070    91028000 B9000001 B9400FE0 11000400 
0080    B9000FE0 B9400FE0 7100241F 54FFFE0D 
0090    D503201F 910043FF D65F03C0 00000000 
00A0    00000005 00000002 00000009 00000006 
00B0    00000003 0000000A 00000007 00000004 
00C0    00000001 00000008 43434700 4728203A 
00D0    5420554E 636C6F6F 6E696168 726F6620 
00E0    65687420 702D4120 69666F72 4120656C 
00F0    69686372 74636574 20657275 2D332E38 
0100    39313032 2033302E 6D726128 6C65722D 
0110    332E382D 20292936 2E332E38 00000030 
0120    00000000 00000000 00000000 00000000 
0130    00000000 00000000 00000001 FFF10004 
0140    00000000 00000000 00000000 00000000 
0150    00000000 00010003 00000000 00000000 
0160    00000000 00000000 00000000 00030003 
0170    00000000 00000000 00000000 00000000 
0180    00000000 00040003 00000000 00000000 
0190    00000000 00000000 0000000E 00030000 
01A0    00000000 00000000 00000000 00000000 
01B0    0000000E 00040000 00000000 00000000 
01C0    00000000 00000000 00000011 00010000 
01D0    00000000 00000000 00000000 00000000 
01E0    00000000 00050003 00000000 00000000 
01F0    00000000 00000000 00000014 00030011 
0200    00000000 00000000 00000028 00000000 
0210    00000016 00040011 00000000 00000000 
0220    00000004 00000000 0000001B 00010012 
0230    00000000 00000000 0000005C 00000000 
0240    75736900 74616D6D 2E6E6F69 64240063 
0250    00782400 75730076 6D006D6D 006E6961 
0260    0000000C 00000000 00000113 00000009 
0270    00000000 00000000 00000010 00000000 
0280    00000115 00000009 00000000 00000000 
0290    0000001C 00000000 00000113 0000000A 
02A0    00000000 00000000 00000020 00000000 
02B0    00000115 0000000A 00000000 00000000 
02C0    0000002C 00000000 00000113 0000000A 
02D0    00000000 00000000 00000030 00000000 
02E0    00000115 0000000A 00000000 00000000 
02F0    79732E00 6261746D 74732E00 62617472 
0300    68732E00 74727473 2E006261 616C6572 
0310    7865742E 642E0074 00617461 7373622E 
0320    6F632E00 6E656D6D 00000074 00000000 
0330    00000000 00000000 00000000 00000000 
0340    00000000 00000000 00000000 00000000 
0350    00000000 00000000 00000000 00000000 
0360    00000000 00000000 00000000 00000000 
0370    00000020 00000001 00000006 00000000 
0380    00000000 00000000 00000040 00000000 
0390    0000005C 00000000 00000000 00000000 
03A0    00000004 00000000 00000000 00000000 
03B0    0000001B 00000004 00000040 00000000 
03C0    00000000 00000000 00000260 00000000 
03D0    00000090 00000000 00000006 00000001 
03E0    00000008 00000000 00000018 00000000 
03F0    00000026 00000001 00000003 00000000 
0400    00000000 00000000 000000A0 00000000 
0410    00000028 00000000 00000000 00000000 
0420    00000008 00000000 00000000 00000000 
0430    0000002C 00000008 00000003 00000000 
0440    00000000 00000000 000000C8 00000000 
0450    00000004 00000000 00000000 00000000 
0460    00000004 00000000 00000000 00000000 
0470    00000031 00000001 00000030 00000000 
0480    00000000 00000000 000000C8 00000000 
0490    00000056 00000000 00000000 00000000 
04A0    00000001 00000000 00000001 00000000 
04B0    00000001 00000002 00000000 00000000 
04C0    00000000 00000000 00000120 00000000 
04D0    00000120 00000000 00000007 00000009 
04E0    00000008 00000000 00000018 00000000 
04F0    00000009 00000003 00000000 00000000 
0500    00000000 00000000 00000240 00000000 
0510    00000020 00000000 00000000 00000000 
0520    00000001 00000000 00000000 00000000 
0530    00000011 00000003 00000000 00000000 
0540    00000000 00000000 000002F0 00000000 
0550    0000003A 00000000 00000000 00000000 
0560    00000001 00000000 00000000 00000000 
