ADDR    ADDR+00  ADDR+04  ADDR+08  ADDR+0C  
----------------------------------------------------------------------------
0000    464C457F 00010102 00000000 00000000 
0010    00B70001 00000001 00000000 00000000 
0020    00000000 00000000 00000350 00000000 
0030    00000000 00000040 00400000 00080009 
0040    D10043FF 90000000 91000000 B900001F 
0050    B9000FFF 1400000F 90000000 91000000 
0060    B9800FE1 B8617801 90000000 91000000 
0070    B9400000 0B000021 90000000 91000000 
0080    B9000001 B9400FE0 11000400 B9000FE0 
0090    B9400FE0 7100241F 54FFFE0D D503201F 
00A0    910043FF D65F03C0 00000005 00000002 
00B0    00000009 00000006 00000003 0000000A 
00C0    00000007 00000004 00000001 00000008 
00D0    43434700 4728203A 5420554E 636C6F6F 
00E0    6E696168 726F6620 65687420 702D4120 
00F0    69666F72 4120656C 69686372 74636574 
0100    20657275 2D332E38 39313032 2033302E 
0110    6D726128 6C65722D 332E382D 20292936 
0120    2E332E38 00000030 00000000 00000000 
0130    00000000 00000000 00000000 00000000 
0140    00000001 FFF10004 00000000 00000000 
0150    00000000 00000000 00000000 00010003 
0160    00000000 00000000 00000000 00000000 
0170    00000000 00030003 00000000 00000000 
0180    00000000 00000000 00000000 00040003 
0190    00000000 00000000 00000000 00000000 
01A0    0000000E 00030000 00000000 00000000 
01B0    00000000 00000000 00000011 00010000 
01C0    00000000 00000000 00000000 00000000 
01D0    00000000 00050003 00000000 00000000 
01E0    00000000 00000000 00000014 00030011 
01F0    00000000 00000000 00000028 00000000 
0200    00000016 FFF20011 00000004 00000000 
0210    00000004 00000000 0000001B 00010012 
0220    00000000 00000000 00000068 00000000 
0230    75736900 74616D6D 2E6E6F69 64240063 
0240    00782400 75730076 6D006D6D 006E6961 
0250    00000004 00000000 00000113 00000009 
0260    00000000 00000000 00000008 00000000 
0270    00000115 00000009 00000000 00000000 
0280    00000018 00000000 00000113 00000008 
0290    00000000 00000000 0000001C 00000000 
02A0    00000115 00000008 00000000 00000000 
02B0    00000028 00000000 00000113 00000009 
02C0    00000000 00000000 0000002C 00000000 
02D0    00000115 00000009 00000000 00000000 
02E0    00000038 00000000 00000113 00000009 
02F0    00000000 00000000 0000003C 00000000 
0300    00000115 00000009 00000000 00000000 
0310    79732E00 6261746D 74732E00 62617472 
0320    68732E00 74727473 2E006261 616C6572 
0330    7865742E 642E0074 00617461 7373622E 
0340    6F632E00 6E656D6D 00000074 00000000 
0350    00000000 00000000 00000000 00000000 
0360    00000000 00000000 00000000 00000000 
0370    00000000 00000000 00000000 00000000 
0380    00000000 00000000 00000000 00000000 
0390    00000020 00000001 00000006 00000000 
03A0    00000000 00000000 00000040 00000000 
03B0    00000068 00000000 00000000 00000000 
03C0    00000004 00000000 00000000 00000000 
03D0    0000001B 00000004 00000040 00000000 
03E0    00000000 00000000 00000250 00000000 
03F0    000000C0 00000000 00000006 00000001 
0400    00000008 00000000 00000018 00000000 
0410    00000026 00000001 00000003 00000000 
0420    00000000 00000000 000000A8 00000000 
0430    00000028 00000000 00000000 00000000 
0440    00000008 00000000 00000000 00000000 
0450    0000002C 00000008 00000003 00000000 
0460    00000000 00000000 000000D0 00000000 
0470    00000000 00000000 00000000 00000000 
0480    00000001 00000000 00000000 00000000 
0490    00000031 00000001 00000030 00000000 
04A0    00000000 00000000 000000D0 00000000 
04B0    00000056 00000000 00000000 00000000 
04C0    00000001 00000000 00000001 00000000 
04D0    00000001 00000002 00000000 00000000 
04E0    00000000 00000000 00000128 00000000 
04F0    00000108 00000000 00000007 00000008 
0500    00000008 00000000 00000018 00000000 
0510    00000009 00000003 00000000 00000000 
0520    00000000 00000000 00000230 00000000 
0530    00000020 00000000 00000000 00000000 
0540    00000001 00000000 00000000 00000000 
0550    00000011 00000003 00000000 00000000 
0560    00000000 00000000 00000310 00000000 
0570    0000003A 00000000 00000000 00000000 
0580    00000001 00000000 00000000 00000000 
